//            PatSize	     Ratio
               10000	  0.072300
               20000	  0.039200
               30000	  0.028400
               40000	  0.012900
               50000	  0.011660
               60000	  0.009850
               70000	  0.010300
               80000	  0.010963
               90000	  0.009411
              100000	  0.011020
              110000	  0.010236
              120000	  0.009500
              130000	  0.009285
              140000	  0.009964
              150000	  0.008867
              160000	  0.009237
              170000	  0.009553
              180000	  0.009511
              190000	  0.008842
              200000	  0.009225
              210000	  0.009367
              220000	  0.019218
              230000	  0.008735
              240000	  0.009133
              250000	  0.009080
              260000	  0.009431
              270000	  0.008800
              280000	  0.008214
              290000	  0.009366
              300000	  0.008057
              310000	  0.008481
              320000	  0.009816
              330000	  0.009606
              340000	  0.008403
              350000	  0.009183
              360000	  0.009161
              370000	  0.008673
              380000	  0.011268
              390000	  0.007900
              400000	  0.008725
              410000	  0.008573
              420000	  0.008483
              430000	  0.008195
              440000	  0.008489
              450000	  0.008829
              460000	  0.008489
              470000	  0.008164
              480000	  0.010463
              490000	  0.008502
              500000	  0.008240
              510000	  0.009088
              520000	  0.008531
              530000	  0.007968
              540000	  0.008531
              550000	  0.008149
              560000	  0.008886
              570000	  0.008474
              580000	  0.007648
              590000	  0.008715
              600000	  0.007930
              610000	  0.008603
              620000	  0.007684
              630000	  0.007802
              640000	  0.007714
              650000	  0.007729
              660000	  0.007867
              670000	  0.007230
              680000	  0.007647
              690000	  0.008042
              700000	  0.007431
              710000	  0.007751
              720000	  0.007771
              730000	  0.007949
              740000	  0.007891
              750000	  0.007056
              760000	  0.007832
              770000	  0.007282
              780000	  0.007249
              790000	  0.008047
              800000	  0.007815
              810000	  0.007820
              820000	  0.007841
              830000	  0.007557
              840000	  0.007365
              850000	  0.007158
              860000	  0.007744
              870000	  0.007510
              880000	  0.007723
              890000	  0.007558
              900000	  0.007102
              910000	  0.007762
              920000	  0.007211
              930000	  0.008191
              940000	  0.007483
              950000	  0.007107
              960000	  0.007746
              970000	  0.007820
              980000	  0.007608
              990000	  0.008238
             1000000	  0.008238
Ignoring ratios before cross over point: 50000
Sorted ratios are: 
  0.007056,   0.007102,   0.007107,   0.007158,   0.007211, 
  0.007230,   0.007249,   0.007282,   0.007365,   0.007431, 
  0.007483,   0.007510,   0.007557,   0.007558,   0.007608, 
  0.007647,   0.007648,   0.007684,   0.007714,   0.007723, 
  0.007729,   0.007744,   0.007746,   0.007751,   0.007762, 
  0.007771,   0.007802,   0.007815,   0.007820,   0.007820, 
  0.007832,   0.007841,   0.007867,   0.007891,   0.007900, 
  0.007930,   0.007949,   0.007968,   0.008042,   0.008047, 
  0.008057,   0.008149,   0.008164,   0.008191,   0.008195, 
  0.008214,   0.008238,   0.008238,   0.008240,   0.008403, 
  0.008474,   0.008481,   0.008483,   0.008489,   0.008489, 
  0.008502,   0.008531,   0.008531,   0.008573,   0.008603, 
  0.008673,   0.008715,   0.008725,   0.008735,   0.008800, 
  0.008829,   0.008842,   0.008867,   0.008886,   0.009080, 
  0.009088,   0.009133,   0.009161,   0.009183,   0.009225, 
  0.009237,   0.009285,   0.009366,   0.009367,   0.009411, 
  0.009431,   0.009500,   0.009511,   0.009553,   0.009606, 
  0.009816,   0.009850,   0.009964,   0.010236,   0.010300, 
  0.010463,   0.010963,   0.011020,   0.011268,   0.011660
Maximum ratio is:   0.011660
Average ratio is:   0.008488
